{
 "cells": [
  {
   "cell_type": "code",
   "execution_count": 5,
   "metadata": {},
   "outputs": [],
   "source": [
    "import pandas as pd\n",
    "import numpy as np\n",
    "import yfinance as yf\n",
    "from pypfopt import risk_models\n",
    "\n",
    "from pypfopt.efficient_frontier import EfficientFrontier\n",
    "from datetime import date, datetime, timedelta\n",
    "from arch import arch_model\n",
    "from pypfopt import expected_returns\n"
   ]
  },
  {
   "cell_type": "code",
   "execution_count": 100,
   "metadata": {},
   "outputs": [
    {
     "data": {
      "text/plain": [
       "31"
      ]
     },
     "execution_count": 100,
     "metadata": {},
     "output_type": "execute_result"
    }
   ],
   "source": [
    "len(data_window)"
   ]
  },
  {
   "cell_type": "code",
   "execution_count": 98,
   "metadata": {},
   "outputs": [
    {
     "data": {
      "text/html": [
       "<div>\n",
       "<style scoped>\n",
       "    .dataframe tbody tr th:only-of-type {\n",
       "        vertical-align: middle;\n",
       "    }\n",
       "\n",
       "    .dataframe tbody tr th {\n",
       "        vertical-align: top;\n",
       "    }\n",
       "\n",
       "    .dataframe thead th {\n",
       "        text-align: right;\n",
       "    }\n",
       "</style>\n",
       "<table border=\"1\" class=\"dataframe\">\n",
       "  <thead>\n",
       "    <tr style=\"text-align: right;\">\n",
       "      <th></th>\n",
       "      <th>AAPL</th>\n",
       "      <th>MSFT</th>\n",
       "      <th>NVDA</th>\n",
       "      <th>JNJ</th>\n",
       "      <th>NVS</th>\n",
       "      <th>JPM</th>\n",
       "      <th>GS</th>\n",
       "      <th>AMZN</th>\n",
       "      <th>DIS</th>\n",
       "      <th>MCD</th>\n",
       "      <th>NEE</th>\n",
       "      <th>BA</th>\n",
       "      <th>CAT</th>\n",
       "      <th>XOM</th>\n",
       "      <th>CVX</th>\n",
       "      <th>RIO</th>\n",
       "      <th>BHP</th>\n",
       "    </tr>\n",
       "  </thead>\n",
       "  <tbody>\n",
       "    <tr>\n",
       "      <th>AAPL</th>\n",
       "      <td>0.838870</td>\n",
       "      <td>0.857991</td>\n",
       "      <td>0.958800</td>\n",
       "      <td>0.538758</td>\n",
       "      <td>0.534805</td>\n",
       "      <td>0.927365</td>\n",
       "      <td>0.914705</td>\n",
       "      <td>0.467837</td>\n",
       "      <td>0.757533</td>\n",
       "      <td>0.696359</td>\n",
       "      <td>0.704185</td>\n",
       "      <td>1.066454</td>\n",
       "      <td>0.660200</td>\n",
       "      <td>0.697756</td>\n",
       "      <td>0.926070</td>\n",
       "      <td>0.796676</td>\n",
       "      <td>0.827410</td>\n",
       "    </tr>\n",
       "    <tr>\n",
       "      <th>MSFT</th>\n",
       "      <td>0.857991</td>\n",
       "      <td>0.954585</td>\n",
       "      <td>1.064311</td>\n",
       "      <td>0.567929</td>\n",
       "      <td>0.560692</td>\n",
       "      <td>0.996994</td>\n",
       "      <td>0.971317</td>\n",
       "      <td>0.517079</td>\n",
       "      <td>0.777417</td>\n",
       "      <td>0.722887</td>\n",
       "      <td>0.750246</td>\n",
       "      <td>1.081001</td>\n",
       "      <td>0.688979</td>\n",
       "      <td>0.738023</td>\n",
       "      <td>0.997280</td>\n",
       "      <td>0.830722</td>\n",
       "      <td>0.891934</td>\n",
       "    </tr>\n",
       "    <tr>\n",
       "      <th>NVDA</th>\n",
       "      <td>0.958800</td>\n",
       "      <td>1.064311</td>\n",
       "      <td>1.398754</td>\n",
       "      <td>0.572341</td>\n",
       "      <td>0.634334</td>\n",
       "      <td>1.105136</td>\n",
       "      <td>1.133450</td>\n",
       "      <td>0.586921</td>\n",
       "      <td>0.932872</td>\n",
       "      <td>0.904362</td>\n",
       "      <td>0.861310</td>\n",
       "      <td>1.370197</td>\n",
       "      <td>0.794553</td>\n",
       "      <td>0.929341</td>\n",
       "      <td>1.223403</td>\n",
       "      <td>0.988507</td>\n",
       "      <td>1.094934</td>\n",
       "    </tr>\n",
       "    <tr>\n",
       "      <th>JNJ</th>\n",
       "      <td>0.538758</td>\n",
       "      <td>0.567929</td>\n",
       "      <td>0.572341</td>\n",
       "      <td>0.528062</td>\n",
       "      <td>0.388002</td>\n",
       "      <td>0.619029</td>\n",
       "      <td>0.566449</td>\n",
       "      <td>0.296441</td>\n",
       "      <td>0.467825</td>\n",
       "      <td>0.440409</td>\n",
       "      <td>0.585965</td>\n",
       "      <td>0.614929</td>\n",
       "      <td>0.485569</td>\n",
       "      <td>0.441529</td>\n",
       "      <td>0.612592</td>\n",
       "      <td>0.535074</td>\n",
       "      <td>0.550467</td>\n",
       "    </tr>\n",
       "    <tr>\n",
       "      <th>NVS</th>\n",
       "      <td>0.534805</td>\n",
       "      <td>0.560692</td>\n",
       "      <td>0.634334</td>\n",
       "      <td>0.388002</td>\n",
       "      <td>0.436746</td>\n",
       "      <td>0.624358</td>\n",
       "      <td>0.614092</td>\n",
       "      <td>0.317908</td>\n",
       "      <td>0.515376</td>\n",
       "      <td>0.462269</td>\n",
       "      <td>0.508130</td>\n",
       "      <td>0.773903</td>\n",
       "      <td>0.471850</td>\n",
       "      <td>0.494334</td>\n",
       "      <td>0.619764</td>\n",
       "      <td>0.549998</td>\n",
       "      <td>0.594969</td>\n",
       "    </tr>\n",
       "    <tr>\n",
       "      <th>JPM</th>\n",
       "      <td>0.927365</td>\n",
       "      <td>0.996994</td>\n",
       "      <td>1.105136</td>\n",
       "      <td>0.619029</td>\n",
       "      <td>0.624358</td>\n",
       "      <td>1.271996</td>\n",
       "      <td>1.187893</td>\n",
       "      <td>0.496628</td>\n",
       "      <td>0.922264</td>\n",
       "      <td>0.878668</td>\n",
       "      <td>0.801132</td>\n",
       "      <td>1.428549</td>\n",
       "      <td>0.789520</td>\n",
       "      <td>0.868132</td>\n",
       "      <td>1.333793</td>\n",
       "      <td>1.014157</td>\n",
       "      <td>1.105876</td>\n",
       "    </tr>\n",
       "    <tr>\n",
       "      <th>GS</th>\n",
       "      <td>0.914705</td>\n",
       "      <td>0.971317</td>\n",
       "      <td>1.133450</td>\n",
       "      <td>0.566449</td>\n",
       "      <td>0.614092</td>\n",
       "      <td>1.187893</td>\n",
       "      <td>1.235838</td>\n",
       "      <td>0.497680</td>\n",
       "      <td>1.001696</td>\n",
       "      <td>0.914644</td>\n",
       "      <td>0.817488</td>\n",
       "      <td>1.437471</td>\n",
       "      <td>0.774850</td>\n",
       "      <td>0.866014</td>\n",
       "      <td>1.275050</td>\n",
       "      <td>1.004444</td>\n",
       "      <td>1.090211</td>\n",
       "    </tr>\n",
       "    <tr>\n",
       "      <th>AMZN</th>\n",
       "      <td>0.467837</td>\n",
       "      <td>0.517079</td>\n",
       "      <td>0.586921</td>\n",
       "      <td>0.296441</td>\n",
       "      <td>0.317908</td>\n",
       "      <td>0.496628</td>\n",
       "      <td>0.497680</td>\n",
       "      <td>0.353775</td>\n",
       "      <td>0.425131</td>\n",
       "      <td>0.335743</td>\n",
       "      <td>0.386289</td>\n",
       "      <td>0.506517</td>\n",
       "      <td>0.393050</td>\n",
       "      <td>0.383774</td>\n",
       "      <td>0.418726</td>\n",
       "      <td>0.427455</td>\n",
       "      <td>0.508205</td>\n",
       "    </tr>\n",
       "    <tr>\n",
       "      <th>DIS</th>\n",
       "      <td>0.757533</td>\n",
       "      <td>0.777417</td>\n",
       "      <td>0.932872</td>\n",
       "      <td>0.467825</td>\n",
       "      <td>0.515376</td>\n",
       "      <td>0.922264</td>\n",
       "      <td>1.001696</td>\n",
       "      <td>0.425131</td>\n",
       "      <td>0.950263</td>\n",
       "      <td>0.770044</td>\n",
       "      <td>0.662708</td>\n",
       "      <td>1.220730</td>\n",
       "      <td>0.699419</td>\n",
       "      <td>0.738551</td>\n",
       "      <td>1.024610</td>\n",
       "      <td>0.837685</td>\n",
       "      <td>0.911738</td>\n",
       "    </tr>\n",
       "    <tr>\n",
       "      <th>MCD</th>\n",
       "      <td>0.696359</td>\n",
       "      <td>0.722887</td>\n",
       "      <td>0.904362</td>\n",
       "      <td>0.440409</td>\n",
       "      <td>0.462269</td>\n",
       "      <td>0.878668</td>\n",
       "      <td>0.914644</td>\n",
       "      <td>0.335743</td>\n",
       "      <td>0.770044</td>\n",
       "      <td>0.945533</td>\n",
       "      <td>0.671675</td>\n",
       "      <td>1.134603</td>\n",
       "      <td>0.587901</td>\n",
       "      <td>0.718773</td>\n",
       "      <td>1.127212</td>\n",
       "      <td>0.770274</td>\n",
       "      <td>0.831442</td>\n",
       "    </tr>\n",
       "    <tr>\n",
       "      <th>NEE</th>\n",
       "      <td>0.704185</td>\n",
       "      <td>0.750246</td>\n",
       "      <td>0.861310</td>\n",
       "      <td>0.585965</td>\n",
       "      <td>0.508130</td>\n",
       "      <td>0.801132</td>\n",
       "      <td>0.817488</td>\n",
       "      <td>0.386289</td>\n",
       "      <td>0.662708</td>\n",
       "      <td>0.671675</td>\n",
       "      <td>0.884037</td>\n",
       "      <td>1.040070</td>\n",
       "      <td>0.641382</td>\n",
       "      <td>0.693315</td>\n",
       "      <td>0.900440</td>\n",
       "      <td>0.713028</td>\n",
       "      <td>0.772235</td>\n",
       "    </tr>\n",
       "    <tr>\n",
       "      <th>BA</th>\n",
       "      <td>1.066454</td>\n",
       "      <td>1.081001</td>\n",
       "      <td>1.370197</td>\n",
       "      <td>0.614929</td>\n",
       "      <td>0.773903</td>\n",
       "      <td>1.428549</td>\n",
       "      <td>1.437471</td>\n",
       "      <td>0.506517</td>\n",
       "      <td>1.220730</td>\n",
       "      <td>1.134603</td>\n",
       "      <td>1.040070</td>\n",
       "      <td>2.966335</td>\n",
       "      <td>0.921993</td>\n",
       "      <td>1.149956</td>\n",
       "      <td>1.717122</td>\n",
       "      <td>1.302454</td>\n",
       "      <td>1.327305</td>\n",
       "    </tr>\n",
       "    <tr>\n",
       "      <th>CAT</th>\n",
       "      <td>0.660200</td>\n",
       "      <td>0.688979</td>\n",
       "      <td>0.794553</td>\n",
       "      <td>0.485569</td>\n",
       "      <td>0.471850</td>\n",
       "      <td>0.789520</td>\n",
       "      <td>0.774850</td>\n",
       "      <td>0.393050</td>\n",
       "      <td>0.699419</td>\n",
       "      <td>0.587901</td>\n",
       "      <td>0.641382</td>\n",
       "      <td>0.921993</td>\n",
       "      <td>0.720879</td>\n",
       "      <td>0.681232</td>\n",
       "      <td>0.837848</td>\n",
       "      <td>0.698449</td>\n",
       "      <td>0.803172</td>\n",
       "    </tr>\n",
       "    <tr>\n",
       "      <th>XOM</th>\n",
       "      <td>0.697756</td>\n",
       "      <td>0.738023</td>\n",
       "      <td>0.929341</td>\n",
       "      <td>0.441529</td>\n",
       "      <td>0.494334</td>\n",
       "      <td>0.868132</td>\n",
       "      <td>0.866014</td>\n",
       "      <td>0.383774</td>\n",
       "      <td>0.738551</td>\n",
       "      <td>0.718773</td>\n",
       "      <td>0.693315</td>\n",
       "      <td>1.149956</td>\n",
       "      <td>0.681232</td>\n",
       "      <td>0.838144</td>\n",
       "      <td>1.072996</td>\n",
       "      <td>0.793484</td>\n",
       "      <td>0.891310</td>\n",
       "    </tr>\n",
       "    <tr>\n",
       "      <th>CVX</th>\n",
       "      <td>0.926070</td>\n",
       "      <td>0.997280</td>\n",
       "      <td>1.223403</td>\n",
       "      <td>0.612592</td>\n",
       "      <td>0.619764</td>\n",
       "      <td>1.333793</td>\n",
       "      <td>1.275050</td>\n",
       "      <td>0.418726</td>\n",
       "      <td>1.024610</td>\n",
       "      <td>1.127212</td>\n",
       "      <td>0.900440</td>\n",
       "      <td>1.717122</td>\n",
       "      <td>0.837848</td>\n",
       "      <td>1.072996</td>\n",
       "      <td>1.840764</td>\n",
       "      <td>1.127307</td>\n",
       "      <td>1.233148</td>\n",
       "    </tr>\n",
       "    <tr>\n",
       "      <th>RIO</th>\n",
       "      <td>0.796676</td>\n",
       "      <td>0.830722</td>\n",
       "      <td>0.988507</td>\n",
       "      <td>0.535074</td>\n",
       "      <td>0.549998</td>\n",
       "      <td>1.014157</td>\n",
       "      <td>1.004444</td>\n",
       "      <td>0.427455</td>\n",
       "      <td>0.837685</td>\n",
       "      <td>0.770274</td>\n",
       "      <td>0.713028</td>\n",
       "      <td>1.302454</td>\n",
       "      <td>0.698449</td>\n",
       "      <td>0.793484</td>\n",
       "      <td>1.127307</td>\n",
       "      <td>0.980493</td>\n",
       "      <td>1.003229</td>\n",
       "    </tr>\n",
       "    <tr>\n",
       "      <th>BHP</th>\n",
       "      <td>0.827410</td>\n",
       "      <td>0.891934</td>\n",
       "      <td>1.094934</td>\n",
       "      <td>0.550467</td>\n",
       "      <td>0.594969</td>\n",
       "      <td>1.105876</td>\n",
       "      <td>1.090211</td>\n",
       "      <td>0.508205</td>\n",
       "      <td>0.911738</td>\n",
       "      <td>0.831442</td>\n",
       "      <td>0.772235</td>\n",
       "      <td>1.327305</td>\n",
       "      <td>0.803172</td>\n",
       "      <td>0.891310</td>\n",
       "      <td>1.233148</td>\n",
       "      <td>1.003229</td>\n",
       "      <td>1.192227</td>\n",
       "    </tr>\n",
       "  </tbody>\n",
       "</table>\n",
       "</div>"
      ],
      "text/plain": [
       "          AAPL      MSFT      NVDA       JNJ       NVS       JPM        GS  \\\n",
       "AAPL  0.838870  0.857991  0.958800  0.538758  0.534805  0.927365  0.914705   \n",
       "MSFT  0.857991  0.954585  1.064311  0.567929  0.560692  0.996994  0.971317   \n",
       "NVDA  0.958800  1.064311  1.398754  0.572341  0.634334  1.105136  1.133450   \n",
       "JNJ   0.538758  0.567929  0.572341  0.528062  0.388002  0.619029  0.566449   \n",
       "NVS   0.534805  0.560692  0.634334  0.388002  0.436746  0.624358  0.614092   \n",
       "JPM   0.927365  0.996994  1.105136  0.619029  0.624358  1.271996  1.187893   \n",
       "GS    0.914705  0.971317  1.133450  0.566449  0.614092  1.187893  1.235838   \n",
       "AMZN  0.467837  0.517079  0.586921  0.296441  0.317908  0.496628  0.497680   \n",
       "DIS   0.757533  0.777417  0.932872  0.467825  0.515376  0.922264  1.001696   \n",
       "MCD   0.696359  0.722887  0.904362  0.440409  0.462269  0.878668  0.914644   \n",
       "NEE   0.704185  0.750246  0.861310  0.585965  0.508130  0.801132  0.817488   \n",
       "BA    1.066454  1.081001  1.370197  0.614929  0.773903  1.428549  1.437471   \n",
       "CAT   0.660200  0.688979  0.794553  0.485569  0.471850  0.789520  0.774850   \n",
       "XOM   0.697756  0.738023  0.929341  0.441529  0.494334  0.868132  0.866014   \n",
       "CVX   0.926070  0.997280  1.223403  0.612592  0.619764  1.333793  1.275050   \n",
       "RIO   0.796676  0.830722  0.988507  0.535074  0.549998  1.014157  1.004444   \n",
       "BHP   0.827410  0.891934  1.094934  0.550467  0.594969  1.105876  1.090211   \n",
       "\n",
       "          AMZN       DIS       MCD       NEE        BA       CAT       XOM  \\\n",
       "AAPL  0.467837  0.757533  0.696359  0.704185  1.066454  0.660200  0.697756   \n",
       "MSFT  0.517079  0.777417  0.722887  0.750246  1.081001  0.688979  0.738023   \n",
       "NVDA  0.586921  0.932872  0.904362  0.861310  1.370197  0.794553  0.929341   \n",
       "JNJ   0.296441  0.467825  0.440409  0.585965  0.614929  0.485569  0.441529   \n",
       "NVS   0.317908  0.515376  0.462269  0.508130  0.773903  0.471850  0.494334   \n",
       "JPM   0.496628  0.922264  0.878668  0.801132  1.428549  0.789520  0.868132   \n",
       "GS    0.497680  1.001696  0.914644  0.817488  1.437471  0.774850  0.866014   \n",
       "AMZN  0.353775  0.425131  0.335743  0.386289  0.506517  0.393050  0.383774   \n",
       "DIS   0.425131  0.950263  0.770044  0.662708  1.220730  0.699419  0.738551   \n",
       "MCD   0.335743  0.770044  0.945533  0.671675  1.134603  0.587901  0.718773   \n",
       "NEE   0.386289  0.662708  0.671675  0.884037  1.040070  0.641382  0.693315   \n",
       "BA    0.506517  1.220730  1.134603  1.040070  2.966335  0.921993  1.149956   \n",
       "CAT   0.393050  0.699419  0.587901  0.641382  0.921993  0.720879  0.681232   \n",
       "XOM   0.383774  0.738551  0.718773  0.693315  1.149956  0.681232  0.838144   \n",
       "CVX   0.418726  1.024610  1.127212  0.900440  1.717122  0.837848  1.072996   \n",
       "RIO   0.427455  0.837685  0.770274  0.713028  1.302454  0.698449  0.793484   \n",
       "BHP   0.508205  0.911738  0.831442  0.772235  1.327305  0.803172  0.891310   \n",
       "\n",
       "           CVX       RIO       BHP  \n",
       "AAPL  0.926070  0.796676  0.827410  \n",
       "MSFT  0.997280  0.830722  0.891934  \n",
       "NVDA  1.223403  0.988507  1.094934  \n",
       "JNJ   0.612592  0.535074  0.550467  \n",
       "NVS   0.619764  0.549998  0.594969  \n",
       "JPM   1.333793  1.014157  1.105876  \n",
       "GS    1.275050  1.004444  1.090211  \n",
       "AMZN  0.418726  0.427455  0.508205  \n",
       "DIS   1.024610  0.837685  0.911738  \n",
       "MCD   1.127212  0.770274  0.831442  \n",
       "NEE   0.900440  0.713028  0.772235  \n",
       "BA    1.717122  1.302454  1.327305  \n",
       "CAT   0.837848  0.698449  0.803172  \n",
       "XOM   1.072996  0.793484  0.891310  \n",
       "CVX   1.840764  1.127307  1.233148  \n",
       "RIO   1.127307  0.980493  1.003229  \n",
       "BHP   1.233148  1.003229  1.192227  "
      ]
     },
     "execution_count": 98,
     "metadata": {},
     "output_type": "execute_result"
    }
   ],
   "source": [
    "cov = risk_models.sample_cov(data_window)\n",
    "cov\n"
   ]
  },
  {
   "cell_type": "code",
   "execution_count": 64,
   "metadata": {},
   "outputs": [],
   "source": [
    "\n",
    "# replace diagonal elements of cov matrix by GARCH-predicted variance.\n",
    "# GARCH_var = GARCH_predict(symbol_list, start, end, interval)\n",
    "cov =  risk_models.sample_cov(data_window)\n",
    "adjust_cov_matrix =  cov.copy()\n",
    "for symbols in stocks:\n",
    "    adjust_cov_matrix[symbols][symbols] = pred[symbols]"
   ]
  },
  {
   "cell_type": "code",
   "execution_count": 66,
   "metadata": {},
   "outputs": [
    {
     "data": {
      "text/html": [
       "<div>\n",
       "<style scoped>\n",
       "    .dataframe tbody tr th:only-of-type {\n",
       "        vertical-align: middle;\n",
       "    }\n",
       "\n",
       "    .dataframe tbody tr th {\n",
       "        vertical-align: top;\n",
       "    }\n",
       "\n",
       "    .dataframe thead th {\n",
       "        text-align: right;\n",
       "    }\n",
       "</style>\n",
       "<table border=\"1\" class=\"dataframe\">\n",
       "  <thead>\n",
       "    <tr style=\"text-align: right;\">\n",
       "      <th></th>\n",
       "      <th>AAPL</th>\n",
       "      <th>MSFT</th>\n",
       "      <th>NVDA</th>\n",
       "      <th>JNJ</th>\n",
       "      <th>NVS</th>\n",
       "      <th>JPM</th>\n",
       "      <th>GS</th>\n",
       "      <th>AMZN</th>\n",
       "      <th>DIS</th>\n",
       "      <th>MCD</th>\n",
       "      <th>NEE</th>\n",
       "      <th>BA</th>\n",
       "      <th>CAT</th>\n",
       "      <th>XOM</th>\n",
       "      <th>CVX</th>\n",
       "      <th>RIO</th>\n",
       "      <th>BHP</th>\n",
       "    </tr>\n",
       "  </thead>\n",
       "  <tbody>\n",
       "    <tr>\n",
       "      <th>AAPL</th>\n",
       "      <td>0.058274</td>\n",
       "      <td>0.018206</td>\n",
       "      <td>0.019168</td>\n",
       "      <td>0.010635</td>\n",
       "      <td>0.010151</td>\n",
       "      <td>0.015689</td>\n",
       "      <td>0.015532</td>\n",
       "      <td>0.018577</td>\n",
       "      <td>0.013300</td>\n",
       "      <td>0.010370</td>\n",
       "      <td>0.006528</td>\n",
       "      <td>0.016455</td>\n",
       "      <td>0.016884</td>\n",
       "      <td>0.012073</td>\n",
       "      <td>0.012828</td>\n",
       "      <td>0.016721</td>\n",
       "      <td>0.017755</td>\n",
       "    </tr>\n",
       "    <tr>\n",
       "      <th>MSFT</th>\n",
       "      <td>0.018206</td>\n",
       "      <td>0.062191</td>\n",
       "      <td>0.025893</td>\n",
       "      <td>0.013602</td>\n",
       "      <td>0.012105</td>\n",
       "      <td>0.021510</td>\n",
       "      <td>0.020994</td>\n",
       "      <td>0.027030</td>\n",
       "      <td>0.017956</td>\n",
       "      <td>0.014579</td>\n",
       "      <td>0.011996</td>\n",
       "      <td>0.015645</td>\n",
       "      <td>0.019634</td>\n",
       "      <td>0.016352</td>\n",
       "      <td>0.017380</td>\n",
       "      <td>0.019693</td>\n",
       "      <td>0.024652</td>\n",
       "    </tr>\n",
       "    <tr>\n",
       "      <th>NVDA</th>\n",
       "      <td>0.019168</td>\n",
       "      <td>0.025893</td>\n",
       "      <td>0.080974</td>\n",
       "      <td>0.012013</td>\n",
       "      <td>0.012549</td>\n",
       "      <td>0.023663</td>\n",
       "      <td>0.023516</td>\n",
       "      <td>0.023010</td>\n",
       "      <td>0.021142</td>\n",
       "      <td>0.012394</td>\n",
       "      <td>0.009928</td>\n",
       "      <td>0.016939</td>\n",
       "      <td>0.017510</td>\n",
       "      <td>0.017696</td>\n",
       "      <td>0.018298</td>\n",
       "      <td>0.020796</td>\n",
       "      <td>0.020378</td>\n",
       "    </tr>\n",
       "    <tr>\n",
       "      <th>JNJ</th>\n",
       "      <td>0.010635</td>\n",
       "      <td>0.013602</td>\n",
       "      <td>0.012013</td>\n",
       "      <td>0.022835</td>\n",
       "      <td>0.010566</td>\n",
       "      <td>0.015462</td>\n",
       "      <td>0.015572</td>\n",
       "      <td>0.015778</td>\n",
       "      <td>0.013759</td>\n",
       "      <td>0.012092</td>\n",
       "      <td>0.011097</td>\n",
       "      <td>0.014879</td>\n",
       "      <td>0.011858</td>\n",
       "      <td>0.013271</td>\n",
       "      <td>0.013140</td>\n",
       "      <td>0.012845</td>\n",
       "      <td>0.014146</td>\n",
       "    </tr>\n",
       "    <tr>\n",
       "      <th>NVS</th>\n",
       "      <td>0.010151</td>\n",
       "      <td>0.012105</td>\n",
       "      <td>0.012549</td>\n",
       "      <td>0.010566</td>\n",
       "      <td>0.026887</td>\n",
       "      <td>0.012448</td>\n",
       "      <td>0.013018</td>\n",
       "      <td>0.012610</td>\n",
       "      <td>0.013560</td>\n",
       "      <td>0.008817</td>\n",
       "      <td>0.009904</td>\n",
       "      <td>0.011366</td>\n",
       "      <td>0.008999</td>\n",
       "      <td>0.010747</td>\n",
       "      <td>0.011320</td>\n",
       "      <td>0.016020</td>\n",
       "      <td>0.016725</td>\n",
       "    </tr>\n",
       "    <tr>\n",
       "      <th>JPM</th>\n",
       "      <td>0.015689</td>\n",
       "      <td>0.021510</td>\n",
       "      <td>0.023663</td>\n",
       "      <td>0.015462</td>\n",
       "      <td>0.012448</td>\n",
       "      <td>0.038988</td>\n",
       "      <td>0.031055</td>\n",
       "      <td>0.022781</td>\n",
       "      <td>0.019888</td>\n",
       "      <td>0.013637</td>\n",
       "      <td>0.011010</td>\n",
       "      <td>0.019604</td>\n",
       "      <td>0.018901</td>\n",
       "      <td>0.019105</td>\n",
       "      <td>0.020044</td>\n",
       "      <td>0.021848</td>\n",
       "      <td>0.021244</td>\n",
       "    </tr>\n",
       "    <tr>\n",
       "      <th>GS</th>\n",
       "      <td>0.015532</td>\n",
       "      <td>0.020994</td>\n",
       "      <td>0.023516</td>\n",
       "      <td>0.015572</td>\n",
       "      <td>0.013018</td>\n",
       "      <td>0.031055</td>\n",
       "      <td>0.038817</td>\n",
       "      <td>0.024616</td>\n",
       "      <td>0.020239</td>\n",
       "      <td>0.013608</td>\n",
       "      <td>0.010162</td>\n",
       "      <td>0.020024</td>\n",
       "      <td>0.019901</td>\n",
       "      <td>0.018880</td>\n",
       "      <td>0.019726</td>\n",
       "      <td>0.022448</td>\n",
       "      <td>0.021558</td>\n",
       "    </tr>\n",
       "    <tr>\n",
       "      <th>AMZN</th>\n",
       "      <td>0.018577</td>\n",
       "      <td>0.027030</td>\n",
       "      <td>0.023010</td>\n",
       "      <td>0.015778</td>\n",
       "      <td>0.012610</td>\n",
       "      <td>0.022781</td>\n",
       "      <td>0.024616</td>\n",
       "      <td>0.098391</td>\n",
       "      <td>0.023871</td>\n",
       "      <td>0.015277</td>\n",
       "      <td>0.009997</td>\n",
       "      <td>0.021376</td>\n",
       "      <td>0.018288</td>\n",
       "      <td>0.015854</td>\n",
       "      <td>0.017691</td>\n",
       "      <td>0.020650</td>\n",
       "      <td>0.025167</td>\n",
       "    </tr>\n",
       "    <tr>\n",
       "      <th>DIS</th>\n",
       "      <td>0.013300</td>\n",
       "      <td>0.017956</td>\n",
       "      <td>0.021142</td>\n",
       "      <td>0.013759</td>\n",
       "      <td>0.013560</td>\n",
       "      <td>0.019888</td>\n",
       "      <td>0.020239</td>\n",
       "      <td>0.023871</td>\n",
       "      <td>0.038648</td>\n",
       "      <td>0.013231</td>\n",
       "      <td>0.010704</td>\n",
       "      <td>0.018475</td>\n",
       "      <td>0.013951</td>\n",
       "      <td>0.014461</td>\n",
       "      <td>0.014461</td>\n",
       "      <td>0.017491</td>\n",
       "      <td>0.017818</td>\n",
       "    </tr>\n",
       "    <tr>\n",
       "      <th>MCD</th>\n",
       "      <td>0.010370</td>\n",
       "      <td>0.014579</td>\n",
       "      <td>0.012394</td>\n",
       "      <td>0.012092</td>\n",
       "      <td>0.008817</td>\n",
       "      <td>0.013637</td>\n",
       "      <td>0.013608</td>\n",
       "      <td>0.015277</td>\n",
       "      <td>0.013231</td>\n",
       "      <td>0.024089</td>\n",
       "      <td>0.009396</td>\n",
       "      <td>0.012998</td>\n",
       "      <td>0.012230</td>\n",
       "      <td>0.012304</td>\n",
       "      <td>0.011611</td>\n",
       "      <td>0.013629</td>\n",
       "      <td>0.014545</td>\n",
       "    </tr>\n",
       "    <tr>\n",
       "      <th>NEE</th>\n",
       "      <td>0.006528</td>\n",
       "      <td>0.011996</td>\n",
       "      <td>0.009928</td>\n",
       "      <td>0.011097</td>\n",
       "      <td>0.009904</td>\n",
       "      <td>0.011010</td>\n",
       "      <td>0.010162</td>\n",
       "      <td>0.009997</td>\n",
       "      <td>0.010704</td>\n",
       "      <td>0.009396</td>\n",
       "      <td>0.029704</td>\n",
       "      <td>0.011116</td>\n",
       "      <td>0.009196</td>\n",
       "      <td>0.011611</td>\n",
       "      <td>0.010754</td>\n",
       "      <td>0.012278</td>\n",
       "      <td>0.013638</td>\n",
       "    </tr>\n",
       "    <tr>\n",
       "      <th>BA</th>\n",
       "      <td>0.016455</td>\n",
       "      <td>0.015645</td>\n",
       "      <td>0.016939</td>\n",
       "      <td>0.014879</td>\n",
       "      <td>0.011366</td>\n",
       "      <td>0.019604</td>\n",
       "      <td>0.020024</td>\n",
       "      <td>0.021376</td>\n",
       "      <td>0.018475</td>\n",
       "      <td>0.012998</td>\n",
       "      <td>0.011116</td>\n",
       "      <td>0.042770</td>\n",
       "      <td>0.015261</td>\n",
       "      <td>0.014091</td>\n",
       "      <td>0.014212</td>\n",
       "      <td>0.019897</td>\n",
       "      <td>0.019499</td>\n",
       "    </tr>\n",
       "    <tr>\n",
       "      <th>CAT</th>\n",
       "      <td>0.016884</td>\n",
       "      <td>0.019634</td>\n",
       "      <td>0.017510</td>\n",
       "      <td>0.011858</td>\n",
       "      <td>0.008999</td>\n",
       "      <td>0.018901</td>\n",
       "      <td>0.019901</td>\n",
       "      <td>0.018288</td>\n",
       "      <td>0.013951</td>\n",
       "      <td>0.012230</td>\n",
       "      <td>0.009196</td>\n",
       "      <td>0.015261</td>\n",
       "      <td>0.044803</td>\n",
       "      <td>0.020382</td>\n",
       "      <td>0.022886</td>\n",
       "      <td>0.030389</td>\n",
       "      <td>0.032480</td>\n",
       "    </tr>\n",
       "    <tr>\n",
       "      <th>XOM</th>\n",
       "      <td>0.012073</td>\n",
       "      <td>0.016352</td>\n",
       "      <td>0.017696</td>\n",
       "      <td>0.013271</td>\n",
       "      <td>0.010747</td>\n",
       "      <td>0.019105</td>\n",
       "      <td>0.018880</td>\n",
       "      <td>0.015854</td>\n",
       "      <td>0.014461</td>\n",
       "      <td>0.012304</td>\n",
       "      <td>0.011611</td>\n",
       "      <td>0.014091</td>\n",
       "      <td>0.020382</td>\n",
       "      <td>0.032626</td>\n",
       "      <td>0.030382</td>\n",
       "      <td>0.025125</td>\n",
       "      <td>0.027984</td>\n",
       "    </tr>\n",
       "    <tr>\n",
       "      <th>CVX</th>\n",
       "      <td>0.012828</td>\n",
       "      <td>0.017380</td>\n",
       "      <td>0.018298</td>\n",
       "      <td>0.013140</td>\n",
       "      <td>0.011320</td>\n",
       "      <td>0.020044</td>\n",
       "      <td>0.019726</td>\n",
       "      <td>0.017691</td>\n",
       "      <td>0.014461</td>\n",
       "      <td>0.011611</td>\n",
       "      <td>0.010754</td>\n",
       "      <td>0.014212</td>\n",
       "      <td>0.022886</td>\n",
       "      <td>0.030382</td>\n",
       "      <td>0.042734</td>\n",
       "      <td>0.026527</td>\n",
       "      <td>0.030693</td>\n",
       "    </tr>\n",
       "    <tr>\n",
       "      <th>RIO</th>\n",
       "      <td>0.016721</td>\n",
       "      <td>0.019693</td>\n",
       "      <td>0.020796</td>\n",
       "      <td>0.012845</td>\n",
       "      <td>0.016020</td>\n",
       "      <td>0.021848</td>\n",
       "      <td>0.022448</td>\n",
       "      <td>0.020650</td>\n",
       "      <td>0.017491</td>\n",
       "      <td>0.013629</td>\n",
       "      <td>0.012278</td>\n",
       "      <td>0.019897</td>\n",
       "      <td>0.030389</td>\n",
       "      <td>0.025125</td>\n",
       "      <td>0.026527</td>\n",
       "      <td>0.087463</td>\n",
       "      <td>0.066781</td>\n",
       "    </tr>\n",
       "    <tr>\n",
       "      <th>BHP</th>\n",
       "      <td>0.017755</td>\n",
       "      <td>0.024652</td>\n",
       "      <td>0.020378</td>\n",
       "      <td>0.014146</td>\n",
       "      <td>0.016725</td>\n",
       "      <td>0.021244</td>\n",
       "      <td>0.021558</td>\n",
       "      <td>0.025167</td>\n",
       "      <td>0.017818</td>\n",
       "      <td>0.014545</td>\n",
       "      <td>0.013638</td>\n",
       "      <td>0.019499</td>\n",
       "      <td>0.032480</td>\n",
       "      <td>0.027984</td>\n",
       "      <td>0.030693</td>\n",
       "      <td>0.066781</td>\n",
       "      <td>0.080257</td>\n",
       "    </tr>\n",
       "  </tbody>\n",
       "</table>\n",
       "</div>"
      ],
      "text/plain": [
       "          AAPL      MSFT      NVDA       JNJ       NVS       JPM        GS  \\\n",
       "AAPL  0.058274  0.018206  0.019168  0.010635  0.010151  0.015689  0.015532   \n",
       "MSFT  0.018206  0.062191  0.025893  0.013602  0.012105  0.021510  0.020994   \n",
       "NVDA  0.019168  0.025893  0.080974  0.012013  0.012549  0.023663  0.023516   \n",
       "JNJ   0.010635  0.013602  0.012013  0.022835  0.010566  0.015462  0.015572   \n",
       "NVS   0.010151  0.012105  0.012549  0.010566  0.026887  0.012448  0.013018   \n",
       "JPM   0.015689  0.021510  0.023663  0.015462  0.012448  0.038988  0.031055   \n",
       "GS    0.015532  0.020994  0.023516  0.015572  0.013018  0.031055  0.038817   \n",
       "AMZN  0.018577  0.027030  0.023010  0.015778  0.012610  0.022781  0.024616   \n",
       "DIS   0.013300  0.017956  0.021142  0.013759  0.013560  0.019888  0.020239   \n",
       "MCD   0.010370  0.014579  0.012394  0.012092  0.008817  0.013637  0.013608   \n",
       "NEE   0.006528  0.011996  0.009928  0.011097  0.009904  0.011010  0.010162   \n",
       "BA    0.016455  0.015645  0.016939  0.014879  0.011366  0.019604  0.020024   \n",
       "CAT   0.016884  0.019634  0.017510  0.011858  0.008999  0.018901  0.019901   \n",
       "XOM   0.012073  0.016352  0.017696  0.013271  0.010747  0.019105  0.018880   \n",
       "CVX   0.012828  0.017380  0.018298  0.013140  0.011320  0.020044  0.019726   \n",
       "RIO   0.016721  0.019693  0.020796  0.012845  0.016020  0.021848  0.022448   \n",
       "BHP   0.017755  0.024652  0.020378  0.014146  0.016725  0.021244  0.021558   \n",
       "\n",
       "          AMZN       DIS       MCD       NEE        BA       CAT       XOM  \\\n",
       "AAPL  0.018577  0.013300  0.010370  0.006528  0.016455  0.016884  0.012073   \n",
       "MSFT  0.027030  0.017956  0.014579  0.011996  0.015645  0.019634  0.016352   \n",
       "NVDA  0.023010  0.021142  0.012394  0.009928  0.016939  0.017510  0.017696   \n",
       "JNJ   0.015778  0.013759  0.012092  0.011097  0.014879  0.011858  0.013271   \n",
       "NVS   0.012610  0.013560  0.008817  0.009904  0.011366  0.008999  0.010747   \n",
       "JPM   0.022781  0.019888  0.013637  0.011010  0.019604  0.018901  0.019105   \n",
       "GS    0.024616  0.020239  0.013608  0.010162  0.020024  0.019901  0.018880   \n",
       "AMZN  0.098391  0.023871  0.015277  0.009997  0.021376  0.018288  0.015854   \n",
       "DIS   0.023871  0.038648  0.013231  0.010704  0.018475  0.013951  0.014461   \n",
       "MCD   0.015277  0.013231  0.024089  0.009396  0.012998  0.012230  0.012304   \n",
       "NEE   0.009997  0.010704  0.009396  0.029704  0.011116  0.009196  0.011611   \n",
       "BA    0.021376  0.018475  0.012998  0.011116  0.042770  0.015261  0.014091   \n",
       "CAT   0.018288  0.013951  0.012230  0.009196  0.015261  0.044803  0.020382   \n",
       "XOM   0.015854  0.014461  0.012304  0.011611  0.014091  0.020382  0.032626   \n",
       "CVX   0.017691  0.014461  0.011611  0.010754  0.014212  0.022886  0.030382   \n",
       "RIO   0.020650  0.017491  0.013629  0.012278  0.019897  0.030389  0.025125   \n",
       "BHP   0.025167  0.017818  0.014545  0.013638  0.019499  0.032480  0.027984   \n",
       "\n",
       "           CVX       RIO       BHP  \n",
       "AAPL  0.012828  0.016721  0.017755  \n",
       "MSFT  0.017380  0.019693  0.024652  \n",
       "NVDA  0.018298  0.020796  0.020378  \n",
       "JNJ   0.013140  0.012845  0.014146  \n",
       "NVS   0.011320  0.016020  0.016725  \n",
       "JPM   0.020044  0.021848  0.021244  \n",
       "GS    0.019726  0.022448  0.021558  \n",
       "AMZN  0.017691  0.020650  0.025167  \n",
       "DIS   0.014461  0.017491  0.017818  \n",
       "MCD   0.011611  0.013629  0.014545  \n",
       "NEE   0.010754  0.012278  0.013638  \n",
       "BA    0.014212  0.019897  0.019499  \n",
       "CAT   0.022886  0.030389  0.032480  \n",
       "XOM   0.030382  0.025125  0.027984  \n",
       "CVX   0.042734  0.026527  0.030693  \n",
       "RIO   0.026527  0.087463  0.066781  \n",
       "BHP   0.030693  0.066781  0.080257  "
      ]
     },
     "execution_count": 66,
     "metadata": {},
     "output_type": "execute_result"
    }
   ],
   "source": [
    "cov"
   ]
  },
  {
   "cell_type": "code",
   "execution_count": 65,
   "metadata": {},
   "outputs": [
    {
     "data": {
      "text/html": [
       "<div>\n",
       "<style scoped>\n",
       "    .dataframe tbody tr th:only-of-type {\n",
       "        vertical-align: middle;\n",
       "    }\n",
       "\n",
       "    .dataframe tbody tr th {\n",
       "        vertical-align: top;\n",
       "    }\n",
       "\n",
       "    .dataframe thead th {\n",
       "        text-align: right;\n",
       "    }\n",
       "</style>\n",
       "<table border=\"1\" class=\"dataframe\">\n",
       "  <thead>\n",
       "    <tr style=\"text-align: right;\">\n",
       "      <th></th>\n",
       "      <th>AAPL</th>\n",
       "      <th>MSFT</th>\n",
       "      <th>NVDA</th>\n",
       "      <th>JNJ</th>\n",
       "      <th>NVS</th>\n",
       "      <th>JPM</th>\n",
       "      <th>GS</th>\n",
       "      <th>AMZN</th>\n",
       "      <th>DIS</th>\n",
       "      <th>MCD</th>\n",
       "      <th>NEE</th>\n",
       "      <th>BA</th>\n",
       "      <th>CAT</th>\n",
       "      <th>XOM</th>\n",
       "      <th>CVX</th>\n",
       "      <th>RIO</th>\n",
       "      <th>BHP</th>\n",
       "    </tr>\n",
       "  </thead>\n",
       "  <tbody>\n",
       "    <tr>\n",
       "      <th>AAPL</th>\n",
       "      <td>0.042332</td>\n",
       "      <td>0.018206</td>\n",
       "      <td>0.019168</td>\n",
       "      <td>0.010635</td>\n",
       "      <td>0.010151</td>\n",
       "      <td>0.015689</td>\n",
       "      <td>0.015532</td>\n",
       "      <td>0.018577</td>\n",
       "      <td>0.013300</td>\n",
       "      <td>0.010370</td>\n",
       "      <td>0.006528</td>\n",
       "      <td>0.016455</td>\n",
       "      <td>0.016884</td>\n",
       "      <td>0.012073</td>\n",
       "      <td>0.012828</td>\n",
       "      <td>0.016721</td>\n",
       "      <td>0.017755</td>\n",
       "    </tr>\n",
       "    <tr>\n",
       "      <th>MSFT</th>\n",
       "      <td>0.018206</td>\n",
       "      <td>0.031458</td>\n",
       "      <td>0.025893</td>\n",
       "      <td>0.013602</td>\n",
       "      <td>0.012105</td>\n",
       "      <td>0.021510</td>\n",
       "      <td>0.020994</td>\n",
       "      <td>0.027030</td>\n",
       "      <td>0.017956</td>\n",
       "      <td>0.014579</td>\n",
       "      <td>0.011996</td>\n",
       "      <td>0.015645</td>\n",
       "      <td>0.019634</td>\n",
       "      <td>0.016352</td>\n",
       "      <td>0.017380</td>\n",
       "      <td>0.019693</td>\n",
       "      <td>0.024652</td>\n",
       "    </tr>\n",
       "    <tr>\n",
       "      <th>NVDA</th>\n",
       "      <td>0.019168</td>\n",
       "      <td>0.025893</td>\n",
       "      <td>0.048492</td>\n",
       "      <td>0.012013</td>\n",
       "      <td>0.012549</td>\n",
       "      <td>0.023663</td>\n",
       "      <td>0.023516</td>\n",
       "      <td>0.023010</td>\n",
       "      <td>0.021142</td>\n",
       "      <td>0.012394</td>\n",
       "      <td>0.009928</td>\n",
       "      <td>0.016939</td>\n",
       "      <td>0.017510</td>\n",
       "      <td>0.017696</td>\n",
       "      <td>0.018298</td>\n",
       "      <td>0.020796</td>\n",
       "      <td>0.020378</td>\n",
       "    </tr>\n",
       "    <tr>\n",
       "      <th>JNJ</th>\n",
       "      <td>0.010635</td>\n",
       "      <td>0.013602</td>\n",
       "      <td>0.012013</td>\n",
       "      <td>0.012198</td>\n",
       "      <td>0.010566</td>\n",
       "      <td>0.015462</td>\n",
       "      <td>0.015572</td>\n",
       "      <td>0.015778</td>\n",
       "      <td>0.013759</td>\n",
       "      <td>0.012092</td>\n",
       "      <td>0.011097</td>\n",
       "      <td>0.014879</td>\n",
       "      <td>0.011858</td>\n",
       "      <td>0.013271</td>\n",
       "      <td>0.013140</td>\n",
       "      <td>0.012845</td>\n",
       "      <td>0.014146</td>\n",
       "    </tr>\n",
