{
 "cells": [
  {
   "cell_type": "code",
   "execution_count": 23,
   "metadata": {},
   "outputs": [],
   "source": [
    "import pandas as pd\n",
    "import numpy as np\n",
    "import yfinance as yf\n",
    "from pypfopt import risk_models,objective_functions\n",
    "\n",
    "from pypfopt.efficient_frontier import EfficientFrontier\n",
    "from datetime import date, datetime, timedelta\n",
    "from arch import arch_model\n",
    "from pypfopt import expected_returns\n"
   ]
  },
  {
   "cell_type": "code",
   "execution_count": 3,
   "metadata": {},
   "outputs": [
    {
     "name": "stdout",
     "output_type": "stream",
     "text": [
      "[*********************100%***********************]  17 of 17 completed\n"
     ]
    }
   ],
   "source": [
    "stocks = ['AAPL', 'MSFT', 'NVDA', 'JNJ', 'NVS','JPM','GS','AMZN','DIS','MCD','NEE','BA','CAT','XOM','CVX','RIO','BHP']\n",
    "\n",
    "start_date = '2009-01-01' \n",
    "\n",
    "stock_data = yf.download(stocks, start=start_date)['Close']\n",
    "stock_data = stock_data.dropna()\n",
    "stock_data = stock_data.reindex(columns=stocks)\n",
    "stock_prices = stock_data[stocks].values\n",
    "\n"
   ]
  },
  {
   "cell_type": "code",
   "execution_count": 5,
   "metadata": {},
   "outputs": [
    {
     "data": {
      "text/html": [
       "<div>\n",
       "<style scoped>\n",
       "    .dataframe tbody tr th:only-of-type {\n",
       "        vertical-align: middle;\n",
       "    }\n",
       "\n",
       "    .dataframe tbody tr th {\n",
       "        vertical-align: top;\n",
       "    }\n",
       "\n",
       "    .dataframe thead th {\n",
       "        text-align: right;\n",
       "    }\n",
       "</style>\n",
       "<table border=\"1\" class=\"dataframe\">\n",
       "  <thead>\n",
       "    <tr style=\"text-align: right;\">\n",
       "      <th></th>\n",
       "      <th>AAPL</th>\n",
       "      <th>MSFT</th>\n",
       "      <th>NVDA</th>\n",
       "      <th>JNJ</th>\n",
       "      <th>NVS</th>\n",
       "      <th>JPM</th>\n",
       "      <th>GS</th>\n",
       "      <th>AMZN</th>\n",
       "      <th>DIS</th>\n",
       "      <th>MCD</th>\n",
       "      <th>NEE</th>\n",
       "      <th>BA</th>\n",
       "      <th>CAT</th>\n",
       "      <th>XOM</th>\n",
       "      <th>CVX</th>\n",
       "      <th>RIO</th>\n",
       "      <th>BHP</th>\n",
       "    </tr>\n",
       "    <tr>\n",
       "      <th>Date</th>\n",
       "      <th></th>\n",
       "      <th></th>\n",
       "      <th></th>\n",
       "      <th></th>\n",
       "      <th></th>\n",
       "      <th></th>\n",
       "      <th></th>\n",
       "      <th></th>\n",
       "      <th></th>\n",
       "      <th></th>\n",
       "      <th></th>\n",
       "      <th></th>\n",
       "      <th></th>\n",
       "      <th></th>\n",
       "      <th></th>\n",
       "      <th></th>\n",
       "      <th></th>\n",
       "    </tr>\n",
       "  </thead>\n",
       "  <tbody>\n",
       "    <tr>\n",
       "      <th>2013-05-09</th>\n",
       "      <td>16.313213</td>\n",
       "      <td>32.660000</td>\n",
       "      <td>3.4775</td>\n",
       "      <td>85.150002</td>\n",
       "      <td>66.505379</td>\n",
       "      <td>49.040001</td>\n",
       "      <td>148.539993</td>\n",
       "      <td>13.008000</td>\n",
       "      <td>66.669998</td>\n",
       "      <td>99.690002</td>\n",
       "      <td>19.959999</td>\n",
       "      <td>94.610001</td>\n",
       "      <td>89.949997</td>\n",
       "      <td>91.029999</td>\n",
       "      <td>123.639999</td>\n",
       "      <td>47.330002</td>\n",
       "      <td>62.149864</td>\n",
       "    </tr>\n",
       "    <tr>\n",
       "      <th>2013-05-10</th>\n",
       "      <td>16.177500</td>\n",
       "      <td>32.689999</td>\n",
       "      <td>3.6350</td>\n",
       "      <td>85.760002</td>\n",
       "      <td>67.150536</td>\n",
       "      <td>48.959999</td>\n",
       "      <td>149.100006</td>\n",
       "      <td>13.181500</td>\n",
       "      <td>67.199997</td>\n",
       "      <td>100.199997</td>\n",
       "      <td>20.000000</td>\n",
       "      <td>94.239998</td>\n",
       "      <td>88.620003</td>\n",
       "      <td>90.139999</td>\n",
       "      <td>123.230003</td>\n",
       "      <td>46.970001</td>\n",
       "      <td>61.784122</td>\n",
       "    </tr>\n",
       "    <tr>\n",
       "      <th>2013-05-13</th>\n",
       "      <td>16.240713</td>\n",
       "      <td>33.029999</td>\n",
       "      <td>3.5600</td>\n",
       "      <td>85.849998</td>\n",
       "      <td>66.890678</td>\n",
       "      <td>49.669998</td>\n",
       "      <td>149.630005</td>\n",
       "      <td>13.225500</td>\n",
       "      <td>67.320000</td>\n",
       "      <td>100.379997</td>\n",
       "      <td>19.905001</td>\n",
       "      <td>94.760002</td>\n",
       "      <td>88.070000</td>\n",
       "      <td>90.099998</td>\n",
       "      <td>122.849998</td>\n",
       "      <td>46.209999</td>\n",
       "      <td>60.972347</td>\n",
       "    </tr>\n",
       "    <tr>\n",
       "      <th>2013-05-14</th>\n",
       "      <td>15.852143</td>\n",
       "      <td>33.529999</td>\n",
       "      <td>3.6125</td>\n",
       "      <td>86.970001</td>\n",
       "      <td>66.836922</td>\n",
       "      <td>50.230000</td>\n",
       "      <td>154.520004</td>\n",
       "      <td>13.416500</td>\n",
       "      <td>67.470001</td>\n",
       "      <td>101.199997</td>\n",
       "      <td>20.047501</td>\n",
       "      <td>96.110001</td>\n",
       "      <td>87.550003</td>\n",
       "      <td>91.110001</td>\n",
       "      <td>125.000000</td>\n",
       "      <td>45.330002</td>\n",
       "      <td>60.900982</td>\n",
       "    </tr>\n",
       "    <tr>\n",
       "      <th>2013-05-15</th>\n",
       "      <td>15.316071</td>\n",
       "      <td>33.849998</td>\n",
       "      <td>3.6750</td>\n",
       "      <td>87.639999</td>\n",
       "      <td>67.652328</td>\n",
       "      <td>51.090000</td>\n",
       "      <td>155.610001</td>\n",
       "      <td>13.328000</td>\n",
       "      <td>67.669998</td>\n",
       "      <td>101.949997</td>\n",
       "      <td>20.290001</td>\n",
       "      <td>97.019997</td>\n",
       "      <td>87.000000</td>\n",
       "      <td>91.239998</td>\n",
       "      <td>123.010002</td>\n",
       "      <td>44.380001</td>\n",
       "      <td>59.857269</td>\n",
       "    </tr>\n",
       "    <tr>\n",
       "      <th>...</th>\n",
       "      <td>...</td>\n",
       "      <td>...</td>\n",
       "      <td>...</td>\n",
       "      <td>...</td>\n",
       "      <td>...</td>\n",
       "      <td>...</td>\n",
       "      <td>...</td>\n",
       "      <td>...</td>\n",
       "      <td>...</td>\n",
       "      <td>...</td>\n",
       "      <td>...</td>\n",
       "      <td>...</td>\n",
       "      <td>...</td>\n",
       "      <td>...</td>\n",
       "      <td>...</td>\n",
       "      <td>...</td>\n",
       "      <td>...</td>\n",
       "    </tr>\n",
       "    <tr>\n",
       "      <th>2015-11-30</th>\n",
       "      <td>29.575001</td>\n",
       "      <td>54.349998</td>\n",
       "      <td>7.9300</td>\n",
       "      <td>101.239998</td>\n",
       "      <td>76.379929</td>\n",
       "      <td>66.680000</td>\n",
       "      <td>190.020004</td>\n",
       "      <td>33.240002</td>\n",
       "      <td>113.470001</td>\n",
       "      <td>114.160004</td>\n",
       "      <td>24.965000</td>\n",
       "      <td>145.449997</td>\n",
       "      <td>72.650002</td>\n",
       "      <td>81.660004</td>\n",
       "      <td>91.320000</td>\n",
       "      <td>33.080002</td>\n",
       "      <td>23.800179</td>\n",
       "    </tr>\n",
       "    <tr>\n",
       "      <th>2015-12-01</th>\n",
       "      <td>29.334999</td>\n",
       "      <td>55.220001</td>\n",
       "      <td>8.1875</td>\n",
       "      <td>102.360001</td>\n",
       "      <td>77.016129</td>\n",
       "      <td>67.610001</td>\n",
       "      <td>193.070007</td>\n",
       "      <td>33.952999</td>\n",
       "      <td>115.389999</td>\n",
       "      <td>114.449997</td>\n",
       "      <td>25.142500</td>\n",
       "      <td>147.740005</td>\n",
       "      <td>71.559998</td>\n",
       "      <td>81.889999</td>\n",
       "      <td>92.480003</td>\n",
       "      <td>33.400002</td>\n",
       "      <td>24.362177</td>\n",
       "    </tr>\n",
       "    <tr>\n",
       "      <th>2015-12-02</th>\n",
       "      <td>29.070000</td>\n",
       "      <td>55.209999</td>\n",
       "      <td>8.1250</td>\n",
       "      <td>102.050003</td>\n",
       "      <td>76.182793</td>\n",
       "      <td>66.660004</td>\n",
       "      <td>190.259995</td>\n",
       "      <td>33.800499</td>\n",
       "      <td>114.000000</td>\n",
       "      <td>113.720001</td>\n",
       "      <td>24.497499</td>\n",
       "      <td>146.960007</td>\n",
       "      <td>71.029999</td>\n",
       "      <td>79.550003</td>\n",
       "      <td>90.250000</td>\n",
       "      <td>32.480000</td>\n",
       "      <td>23.987511</td>\n",
       "    </tr>\n",
       "    <tr>\n",
       "      <th>2015-12-03</th>\n",
       "      <td>28.799999</td>\n",
       "      <td>54.200001</td>\n",
       "      <td>8.1075</td>\n",
       "      <td>100.790001</td>\n",
       "      <td>75.770607</td>\n",
       "      <td>65.800003</td>\n",
       "      <td>185.199997</td>\n",
       "      <td>33.312500</td>\n",
       "      <td>111.889999</td>\n",
       "      <td>113.389999</td>\n",
       "      <td>24.105000</td>\n",
       "      <td>145.559998</td>\n",
       "      <td>69.639999</td>\n",
       "      <td>78.410004</td>\n",
       "      <td>88.849998</td>\n",
       "      <td>31.799999</td>\n",
       "      <td>23.416592</td>\n",
       "    </tr>\n",
       "    <tr>\n",
       "      <th>2015-12-04</th>\n",
       "      <td>29.757500</td>\n",
       "      <td>55.910000</td>\n",
       "      <td>8.4375</td>\n",
       "      <td>102.949997</td>\n",
       "      <td>77.258064</td>\n",
       "      <td>67.889999</td>\n",
       "      <td>189.990005</td>\n",
       "      <td>33.632000</td>\n",
       "      <td>114.239998</td>\n",
       "      <td>116.199997</td>\n",
       "      <td>24.535000</td>\n",
       "      <td>148.500000</td>\n",
       "      <td>69.980003</td>\n",
       "      <td>78.860001</td>\n",
       "      <td>89.709999</td>\n",
       "      <td>31.750000</td>\n",
       "      <td>23.621765</td>\n",
       "    </tr>\n",
       "  </tbody>\n",
       "</table>\n",
       "<p>650 rows × 17 columns</p>\n",
       "</div>"
      ],
      "text/plain": [
       "                 AAPL       MSFT    NVDA         JNJ        NVS        JPM  \\\n",
       "Date                                                                         \n",
       "2013-05-09  16.313213  32.660000  3.4775   85.150002  66.505379  49.040001   \n",
       "2013-05-10  16.177500  32.689999  3.6350   85.760002  67.150536  48.959999   \n",
       "2013-05-13  16.240713  33.029999  3.5600   85.849998  66.890678  49.669998   \n",
       "2013-05-14  15.852143  33.529999  3.6125   86.970001  66.836922  50.230000   \n",
       "2013-05-15  15.316071  33.849998  3.6750   87.639999  67.652328  51.090000   \n",
       "...               ...        ...     ...         ...        ...        ...   \n",
       "2015-11-30  29.575001  54.349998  7.9300  101.239998  76.379929  66.680000   \n",
       "2015-12-01  29.334999  55.220001  8.1875  102.360001  77.016129  67.610001   \n",
       "2015-12-02  29.070000  55.209999  8.1250  102.050003  76.182793  66.660004   \n",
       "2015-12-03  28.799999  54.200001  8.1075  100.790001  75.770607  65.800003   \n",
       "2015-12-04  29.757500  55.910000  8.4375  102.949997  77.258064  67.889999   \n",
       "\n",
       "                    GS       AMZN         DIS         MCD        NEE  \\\n",
       "Date                                                                   \n",
       "2013-05-09  148.539993  13.008000   66.669998   99.690002  19.959999   \n",
       "2013-05-10  149.100006  13.181500   67.199997  100.199997  20.000000   \n",
       "2013-05-13  149.630005  13.225500   67.320000  100.379997  19.905001   \n",
       "2013-05-14  154.520004  13.416500   67.470001  101.199997  20.047501   \n",
       "2013-05-15  155.610001  13.328000   67.669998  101.949997  20.290001   \n",
       "...                ...        ...         ...         ...        ...   \n",
       "2015-11-30  190.020004  33.240002  113.470001  114.160004  24.965000   \n",
       "2015-12-01  193.070007  33.952999  115.389999  114.449997  25.142500   \n",
       "2015-12-02  190.259995  33.800499  114.000000  113.720001  24.497499   \n",
       "2015-12-03  185.199997  33.312500  111.889999  113.389999  24.105000   \n",
       "2015-12-04  189.990005  33.632000  114.239998  116.199997  24.535000   \n",
       "\n",
       "                    BA        CAT        XOM         CVX        RIO        BHP  \n",
       "Date                                                                            \n",
       "2013-05-09   94.610001  89.949997  91.029999  123.639999  47.330002  62.149864  \n",
       "2013-05-10   94.239998  88.620003  90.139999  123.230003  46.970001  61.784122  \n",
       "2013-05-13   94.760002  88.070000  90.099998  122.849998  46.209999  60.972347  \n",
       "2013-05-14   96.110001  87.550003  91.110001  125.000000  45.330002  60.900982  \n",
       "2013-05-15   97.019997  87.000000  91.239998  123.010002  44.380001  59.857269  \n",
       "...                ...        ...        ...         ...        ...        ...  \n",
       "2015-11-30  145.449997  72.650002  81.660004   91.320000  33.080002  23.800179  \n",
       "2015-12-01  147.740005  71.559998  81.889999   92.480003  33.400002  24.362177  \n",
       "2015-12-02  146.960007  71.029999  79.550003   90.250000  32.480000  23.987511  \n",
       "2015-12-03  145.559998  69.639999  78.410004   88.849998  31.799999  23.416592  \n",
       "2015-12-04  148.500000  69.980003  78.860001   89.709999  31.750000  23.621765  \n",
       "\n",
       "[650 rows x 17 columns]"
      ]
     },
     "execution_count": 5,
     "metadata": {},
     "output_type": "execute_result"
    }
   ],
   "source": [
    "date = '2015-12-04'\n",
    "window_length = 650\n",
    "data_window = stock_data.loc[:date].tail(window_length)\n",
    "data_window"
   ]
  },
  {
   "cell_type": "code",
   "execution_count": 6,
   "metadata": {},
   "outputs": [
    {
     "data": {
      "text/html": [
       "<div>\n",
       "<style scoped>\n",
       "    .dataframe tbody tr th:only-of-type {\n",
       "        vertical-align: middle;\n",
       "    }\n",
       "\n",
       "    .dataframe tbody tr th {\n",
       "        vertical-align: top;\n",
       "    }\n",
       "\n",
       "    .dataframe thead th {\n",
       "        text-align: right;\n",
       "    }\n",
       "</style>\n",
       "<table border=\"1\" class=\"dataframe\">\n",
       "  <thead>\n",
       "    <tr style=\"text-align: right;\">\n",
       "      <th></th>\n",
       "      <th>AAPL</th>\n",
       "      <th>MSFT</th>\n",
       "      <th>NVDA</th>\n",
       "      <th>JNJ</th>\n",
       "      <th>NVS</th>\n",
       "      <th>JPM</th>\n",
       "      <th>GS</th>\n",
       "      <th>AMZN</th>\n",
       "      <th>DIS</th>\n",
       "      <th>MCD</th>\n",
       "      <th>NEE</th>\n",
       "      <th>BA</th>\n",
       "      <th>CAT</th>\n",
       "      <th>XOM</th>\n",
       "      <th>CVX</th>\n",
       "      <th>RIO</th>\n",
       "      <th>BHP</th>\n",
       "    </tr>\n",
       "  </thead>\n",
       "  <tbody>\n",
       "    <tr>\n",
       "      <th>AAPL</th>\n",
       "      <td>0.058274</td>\n",
       "      <td>0.018206</td>\n",
       "      <td>0.019168</td>\n",
       "      <td>0.010635</td>\n",
       "      <td>0.010151</td>\n",
       "      <td>0.015689</td>\n",
       "      <td>0.015532</td>\n",
       "      <td>0.018577</td>\n",
       "      <td>0.013300</td>\n",
       "      <td>0.010370</td>\n",
       "      <td>0.006528</td>\n",
       "      <td>0.016455</td>\n",
       "      <td>0.016884</td>\n",
       "      <td>0.012073</td>\n",
       "      <td>0.012828</td>\n",
       "      <td>0.016721</td>\n",
       "      <td>0.017755</td>\n",
       "    </tr>\n",
       "    <tr>\n",
       "      <th>MSFT</th>\n",
       "      <td>0.018206</td>\n",
       "      <td>0.062191</td>\n",
       "      <td>0.025893</td>\n",
       "      <td>0.013602</td>\n",
       "      <td>0.012105</td>\n",
       "      <td>0.021510</td>\n",
       "      <td>0.020994</td>\n",
       "      <td>0.027030</td>\n",
       "      <td>0.017956</td>\n",
       "      <td>0.014579</td>\n",
       "      <td>0.011996</td>\n",
       "      <td>0.015645</td>\n",
       "      <td>0.019634</td>\n",
       "      <td>0.016352</td>\n",
       "      <td>0.017380</td>\n",
       "      <td>0.019693</td>\n",
       "      <td>0.024652</td>\n",
       "    </tr>\n",
       "    <tr>\n",
       "      <th>NVDA</th>\n",
       "      <td>0.019168</td>\n",
       "      <td>0.025893</td>\n",
       "      <td>0.080974</td>\n",
       "      <td>0.012013</td>\n",
       "      <td>0.012549</td>\n",
       "      <td>0.023663</td>\n",
       "      <td>0.023516</td>\n",
       "      <td>0.023010</td>\n",
       "      <td>0.021142</td>\n",
       "      <td>0.012394</td>\n",
       "      <td>0.009928</td>\n",
       "      <td>0.016939</td>\n",
       "      <td>0.017510</td>\n",
       "      <td>0.017696</td>\n",
       "      <td>0.018298</td>\n",
       "      <td>0.020796</td>\n",
       "      <td>0.020378</td>\n",
       "    </tr>\n",
       "    <tr>\n",
       "      <th>JNJ</th>\n",
       "      <td>0.010635</td>\n",
       "      <td>0.013602</td>\n",
       "      <td>0.012013</td>\n",
       "      <td>0.022835</td>\n",
       "      <td>0.010566</td>\n",
       "      <td>0.015462</td>\n",
       "      <td>0.015572</td>\n",
       "      <td>0.015778</td>\n",
       "      <td>0.013759</td>\n",
       "      <td>0.012092</td>\n",
       "      <td>0.011097</td>\n",
       "      <td>0.014879</td>\n",
       "      <td>0.011858</td>\n",
       "      <td>0.013271</td>\n",
       "      <td>0.013140</td>\n",
       "      <td>0.012845</td>\n",
       "      <td>0.014146</td>\n",
       "    </tr>\n",
       "    <tr>\n",
       "      <th>NVS</th>\n",
       "      <td>0.010151</td>\n",
       "      <td>0.012105</td>\n",
       "      <td>0.012549</td>\n",
       "      <td>0.010566</td>\n",
       "      <td>0.026887</td>\n",
       "      <td>0.012448</td>\n",
       "      <td>0.013018</td>\n",
       "      <td>0.012610</td>\n",
       "      <td>0.013560</td>\n",
       "      <td>0.008817</td>\n",
       "      <td>0.009904</td>\n",
       "      <td>0.011366</td>\n",
       "      <td>0.008999</td>\n",
       "      <td>0.010747</td>\n",
       "      <td>0.011320</td>\n",
       "      <td>0.016020</td>\n",
       "      <td>0.016725</td>\n",
       "    </tr>\n",
       "    <tr>\n",
       "      <th>JPM</th>\n",
       "      <td>0.015689</td>\n",
       "      <td>0.021510</td>\n",
       "      <td>0.023663</td>\n",
       "      <td>0.015462</td>\n",
       "      <td>0.012448</td>\n",
       "      <td>0.038988</td>\n",
       "      <td>0.031055</td>\n",
       "      <td>0.022781</td>\n",
       "      <td>0.019888</td>\n",
       "      <td>0.013637</td>\n",
       "      <td>0.011010</td>\n",
       "      <td>0.019604</td>\n",
       "      <td>0.018901</td>\n",
       "      <td>0.019105</td>\n",
       "      <td>0.020044</td>\n",
       "      <td>0.021848</td>\n",
       "      <td>0.021244</td>\n",
       "    </tr>\n",
       "    <tr>\n",
       "      <th>GS</th>\n",
       "      <td>0.015532</td>\n",
       "      <td>0.020994</td>\n",
       "      <td>0.023516</td>\n",
       "      <td>0.015572</td>\n",
       "      <td>0.013018</td>\n",
       "      <td>0.031055</td>\n",
       "      <td>0.038817</td>\n",
       "      <td>0.024616</td>\n",
       "      <td>0.020239</td>\n",
       "      <td>0.013608</td>\n",
       "      <td>0.010162</td>\n",
       "      <td>0.020024</td>\n",
       "      <td>0.019901</td>\n",
       "      <td>0.018880</td>\n",
       "      <td>0.019726</td>\n",
       "      <td>0.022448</td>\n",
       "      <td>0.021558</td>\n",
       "    </tr>\n",
       "    <tr>\n",
       "      <th>AMZN</th>\n",
       "      <td>0.018577</td>\n",
       "      <td>0.027030</td>\n",
       "      <td>0.023010</td>\n",
       "      <td>0.015778</td>\n",
       "      <td>0.012610</td>\n",
       "      <td>0.022781</td>\n",
       "      <td>0.024616</td>\n",
       "      <td>0.098391</td>\n",
       "      <td>0.023871</td>\n",
       "      <td>0.015277</td>\n",
       "      <td>0.009997</td>\n",
       "      <td>0.021376</td>\n",
       "      <td>0.018288</td>\n",
       "      <td>0.015854</td>\n",
       "      <td>0.017691</td>\n",
       "      <td>0.020650</td>\n",
       "      <td>0.025167</td>\n",
       "    </tr>\n",
       "    <tr>\n",
       "      <th>DIS</th>\n",
       "      <td>0.013300</td>\n",
       "      <td>0.017956</td>\n",
       "      <td>0.021142</td>\n",
       "      <td>0.013759</td>\n",
       "      <td>0.013560</td>\n",
       "      <td>0.019888</td>\n",
       "      <td>0.020239</td>\n",
       "      <td>0.023871</td>\n",
       "      <td>0.038648</td>\n",
       "      <td>0.013231</td>\n",
       "      <td>0.010704</td>\n",
       "      <td>0.018475</td>\n",
       "      <td>0.013951</td>\n",
       "      <td>0.014461</td>\n",
       "      <td>0.014461</td>\n",
       "      <td>0.017491</td>\n",
       "      <td>0.017818</td>\n",
       "    </tr>\n",
       "    <tr>\n",
       "      <th>MCD</th>\n",
       "      <td>0.010370</td>\n",
       "      <td>0.014579</td>\n",
       "      <td>0.012394</td>\n",
       "      <td>0.012092</td>\n",
       "      <td>0.008817</td>\n",
       "      <td>0.013637</td>\n",
       "      <td>0.013608</td>\n",
       "      <td>0.015277</td>\n",
       "      <td>0.013231</td>\n",
       "      <td>0.024089</td>\n",
       "      <td>0.009396</td>\n",
       "      <td>0.012998</td>\n",
       "      <td>0.012230</td>\n",
       "      <td>0.012304</td>\n",
       "      <td>0.011611</td>\n",
       "      <td>0.013629</td>\n",
       "      <td>0.014545</td>\n",
       "    </tr>\n",
       "    <tr>\n",
       "      <th>NEE</th>\n",
       "      <td>0.006528</td>\n",
       "      <td>0.011996</td>\n",
       "      <td>0.009928</td>\n",
       "      <td>0.011097</td>\n",
       "      <td>0.009904</td>\n",
       "      <td>0.011010</td>\n",
       "      <td>0.010162</td>\n",
       "      <td>0.009997</td>\n",
       "      <td>0.010704</td>\n",
       "      <td>0.009396</td>\n",
       "      <td>0.029704</td>\n",
       "      <td>0.011116</td>\n",
       "      <td>0.009196</td>\n",
       "      <td>0.011611</td>\n",
       "      <td>0.010754</td>\n",
       "      <td>0.012278</td>\n",
       "      <td>0.013638</td>\n",
       "    </tr>\n",
       "    <tr>\n",
       "      <th>BA</th>\n",
       "      <td>0.016455</td>\n",
       "      <td>0.015645</td>\n",
       "      <td>0.016939</td>\n",
       "      <td>0.014879</td>\n",
       "      <td>0.011366</td>\n",
       "      <td>0.019604</td>\n",
       "      <td>0.020024</td>\n",
       "      <td>0.021376</td>\n",
       "      <td>0.018475</td>\n",
       "      <td>0.012998</td>\n",
       "      <td>0.011116</td>\n",
       "      <td>0.042770</td>\n",
       "      <td>0.015261</td>\n",
       "      <td>0.014091</td>\n",
       "      <td>0.014212</td>\n",
       "      <td>0.019897</td>\n",
       "      <td>0.019499</td>\n",
       "    </tr>\n",
       "    <tr>\n",
       "      <th>CAT</th>\n",
       "      <td>0.016884</td>\n",
       "      <td>0.019634</td>\n",
       "      <td>0.017510</td>\n",
       "      <td>0.011858</td>\n",
       "      <td>0.008999</td>\n",
       "      <td>0.018901</td>\n",
       "      <td>0.019901</td>\n",
       "      <td>0.018288</td>\n",
       "      <td>0.013951</td>\n",
       "      <td>0.012230</td>\n",
       "      <td>0.009196</td>\n",
       "      <td>0.015261</td>\n",
       "      <td>0.044803</td>\n",
       "      <td>0.020382</td>\n",
       "      <td>0.022886</td>\n",
       "      <td>0.030389</td>\n",
       "      <td>0.032480</td>\n",
       "    </tr>\n",
       "    <tr>\n",
       "      <th>XOM</th>\n",
       "      <td>0.012073</td>\n",
       "      <td>0.016352</td>\n",
       "      <td>0.017696</td>\n",
       "      <td>0.013271</td>\n",
       "      <td>0.010747</td>\n",
       "      <td>0.019105</td>\n",
       "      <td>0.018880</td>\n",
       "      <td>0.015854</td>\n",
       "      <td>0.014461</td>\n",
       "      <td>0.012304</td>\n",
       "      <td>0.011611</td>\n",
       "      <td>0.014091</td>\n",
       "      <td>0.020382</td>\n",
       "      <td>0.032626</td>\n",
       "      <td>0.030382</td>\n",
       "      <td>0.025125</td>\n",
       "      <td>0.027984</td>\n",
       "    </tr>\n",
       "    <tr>\n",
       "      <th>CVX</th>\n",
       "      <td>0.012828</td>\n",
       "      <td>0.017380</td>\n",
       "      <td>0.018298</td>\n",
       "      <td>0.013140</td>\n",
       "      <td>0.011320</td>\n",
       "      <td>0.020044</td>\n",
       "      <td>0.019726</td>\n",
       "      <td>0.017691</td>\n",
       "      <td>0.014461</td>\n",
       "      <td>0.011611</td>\n",
       "      <td>0.010754</td>\n",
       "      <td>0.014212</td>\n",
       "      <td>0.022886</td>\n",
       "      <td>0.030382</td>\n",
       "      <td>0.042734</td>\n",
       "      <td>0.026527</td>\n",
       "      <td>0.030693</td>\n",
       "    </tr>\n",
       "    <tr>\n",
       "      <th>RIO</th>\n",
       "      <td>0.016721</td>\n",
       "      <td>0.019693</td>\n",
       "      <td>0.020796</td>\n",
       "      <td>0.012845</td>\n",
       "      <td>0.016020</td>\n",
       "      <td>0.021848</td>\n",
       "      <td>0.022448</td>\n",
       "      <td>0.020650</td>\n",
       "      <td>0.017491</td>\n",
       "      <td>0.013629</td>\n",
       "      <td>0.012278</td>\n",
       "      <td>0.019897</td>\n",
       "      <td>0.030389</td>\n",
       "      <td>0.025125</td>\n",
       "      <td>0.026527</td>\n",
       "      <td>0.087463</td>\n",
       "      <td>0.066781</td>\n",
       "    </tr>\n",
       "    <tr>\n",
       "      <th>BHP</th>\n",
       "      <td>0.017755</td>\n",
       "      <td>0.024652</td>\n",
       "      <td>0.020378</td>\n",
       "      <td>0.014146</td>\n",
       "      <td>0.016725</td>\n",
       "      <td>0.021244</td>\n",
       "      <td>0.021558</td>\n",
       "      <td>0.025167</td>\n",
       "      <td>0.017818</td>\n",
       "      <td>0.014545</td>\n",
       "      <td>0.013638</td>\n",
       "      <td>0.019499</td>\n",
       "      <td>0.032480</td>\n",
       "      <td>0.027984</td>\n",
       "      <td>0.030693</td>\n",
       "      <td>0.066781</td>\n",
       "      <td>0.080257</td>\n",
       "    </tr>\n",
       "  </tbody>\n",
       "</table>\n",
       "</div>"
      ],
      "text/plain": [
       "          AAPL      MSFT      NVDA       JNJ       NVS       JPM        GS  \\\n",
       "AAPL  0.058274  0.018206  0.019168  0.010635  0.010151  0.015689  0.015532   \n",
       "MSFT  0.018206  0.062191  0.025893  0.013602  0.012105  0.021510  0.020994   \n",
       "NVDA  0.019168  0.025893  0.080974  0.012013  0.012549  0.023663  0.023516   \n",
       "JNJ   0.010635  0.013602  0.012013  0.022835  0.010566  0.015462  0.015572   \n",
       "NVS   0.010151  0.012105  0.012549  0.010566  0.026887  0.012448  0.013018   \n",
       "JPM   0.015689  0.021510  0.023663  0.015462  0.012448  0.038988  0.031055   \n",
       "GS    0.015532  0.020994  0.023516  0.015572  0.013018  0.031055  0.038817   \n",
       "AMZN  0.018577  0.027030  0.023010  0.015778  0.012610  0.022781  0.024616   \n",
       "DIS   0.013300  0.017956  0.021142  0.013759  0.013560  0.019888  0.020239   \n",
       "MCD   0.010370  0.014579  0.012394  0.012092  0.008817  0.013637  0.013608   \n",
       "NEE   0.006528  0.011996  0.009928  0.011097  0.009904  0.011010  0.010162   \n",
       "BA    0.016455  0.015645  0.016939  0.014879  0.011366  0.019604  0.020024   \n",
       "CAT   0.016884  0.019634  0.017510  0.011858  0.008999  0.018901  0.019901   \n",
       "XOM   0.012073  0.016352  0.017696  0.013271  0.010747  0.019105  0.018880   \n",
       "CVX   0.012828  0.017380  0.018298  0.013140  0.011320  0.020044  0.019726   \n",
       "RIO   0.016721  0.019693  0.020796  0.012845  0.016020  0.021848  0.022448   \n",
       "BHP   0.017755  0.024652  0.020378  0.014146  0.016725  0.021244  0.021558   \n",
       "\n",
       "          AMZN       DIS       MCD       NEE        BA       CAT       XOM  \\\n",
       "AAPL  0.018577  0.013300  0.010370  0.006528  0.016455  0.016884  0.012073   \n",
       "MSFT  0.027030  0.017956  0.014579  0.011996  0.015645  0.019634  0.016352   \n",
       "NVDA  0.023010  0.021142  0.012394  0.009928  0.016939  0.017510  0.017696   \n",
       "JNJ   0.015778  0.013759  0.012092  0.011097  0.014879  0.011858  0.013271   \n",
       "NVS   0.012610  0.013560  0.008817  0.009904  0.011366  0.008999  0.010747   \n",
       "JPM   0.022781  0.019888  0.013637  0.011010  0.019604  0.018901  0.019105   \n",
       "GS    0.024616  0.020239  0.013608  0.010162  0.020024  0.019901  0.018880   \n",
       "AMZN  0.098391  0.023871  0.015277  0.009997  0.021376  0.018288  0.015854   \n",
       "DIS   0.023871  0.038648  0.013231  0.010704  0.018475  0.013951  0.014461   \n",
       "MCD   0.015277  0.013231  0.024089  0.009396  0.012998  0.012230  0.012304   \n",
       "NEE   0.009997  0.010704  0.009396  0.029704  0.011116  0.009196  0.011611   \n",
       "BA    0.021376  0.018475  0.012998  0.011116  0.042770  0.015261  0.014091   \n",
       "CAT   0.018288  0.013951  0.012230  0.009196  0.015261  0.044803  0.020382   \n",
       "XOM   0.015854  0.014461  0.012304  0.011611  0.014091  0.020382  0.032626   \n",
       "CVX   0.017691  0.014461  0.011611  0.010754  0.014212  0.022886  0.030382   \n",
       "RIO   0.020650  0.017491  0.013629  0.012278  0.019897  0.030389  0.025125   \n",
       "BHP   0.025167  0.017818  0.014545  0.013638  0.019499  0.032480  0.027984   \n",
       "\n",
       "           CVX       RIO       BHP  \n",
       "AAPL  0.012828  0.016721  0.017755  \n",
       "MSFT  0.017380  0.019693  0.024652  \n",
       "NVDA  0.018298  0.020796  0.020378  \n",
       "JNJ   0.013140  0.012845  0.014146  \n",
       "NVS   0.011320  0.016020  0.016725  \n",
       "JPM   0.020044  0.021848  0.021244  \n",
       "GS    0.019726  0.022448  0.021558  \n",
       "AMZN  0.017691  0.020650  0.025167  \n",
       "DIS   0.014461  0.017491  0.017818  \n",
       "MCD   0.011611  0.013629  0.014545  \n",
       "NEE   0.010754  0.012278  0.013638  \n",
       "BA    0.014212  0.019897  0.019499  \n",
       "CAT   0.022886  0.030389  0.032480  \n",
       "XOM   0.030382  0.025125  0.027984  \n",
       "CVX   0.042734  0.026527  0.030693  \n",
       "RIO   0.026527  0.087463  0.066781  \n",
       "BHP   0.030693  0.066781  0.080257  "
      ]
     },
     "execution_count": 6,
     "metadata": {},
     "output_type": "execute_result"
    }
   ],
   "source": [
    "cov = risk_models.sample_cov(data_window,frequency=252)\n",
    "cov"
   ]
  },
  {
   "cell_type": "code",
   "execution_count": 16,
   "metadata": {},
   "outputs": [
    {
     "data": {
      "text/html": [
       "<div>\n",
       "<style scoped>\n",
       "    .dataframe tbody tr th:only-of-type {\n",
       "        vertical-align: middle;\n",
       "    }\n",
       "\n",
       "    .dataframe tbody tr th {\n",
       "        vertical-align: top;\n",
       "    }\n",
       "\n",
       "    .dataframe thead th {\n",
       "        text-align: right;\n",
       "    }\n",
       "</style>\n",
       "<table border=\"1\" class=\"dataframe\">\n",
       "  <thead>\n",
       "    <tr style=\"text-align: right;\">\n",
       "      <th></th>\n",
       "      <th>AAPL</th>\n",
       "      <th>MSFT</th>\n",
       "      <th>NVDA</th>\n",
       "      <th>JNJ</th>\n",
       "      <th>NVS</th>\n",
       "      <th>JPM</th>\n",
       "      <th>GS</th>\n",
       "      <th>AMZN</th>\n",
       "      <th>DIS</th>\n",
       "      <th>MCD</th>\n",
       "      <th>NEE</th>\n",
       "      <th>BA</th>\n",
       "      <th>CAT</th>\n",
       "      <th>XOM</th>\n",
       "      <th>CVX</th>\n",
       "      <th>RIO</th>\n",
       "      <th>BHP</th>\n",
       "    </tr>\n",
       "    <tr>\n",
       "      <th>Date</th>\n",
       "      <th></th>\n",
       "      <th></th>\n",
       "      <th></th>\n",
       "      <th></th>\n",
       "      <th></th>\n",
       "      <th></th>\n",
       "      <th></th>\n",
       "      <th></th>\n",
       "      <th></th>\n",
       "      <th></th>\n",
       "      <th></th>\n",
       "      <th></th>\n",
       "      <th></th>\n",
       "      <th></th>\n",
       "      <th></th>\n",
       "      <th></th>\n",
       "      <th></th>\n",
       "    </tr>\n",
       "  </thead>\n",
       "  <tbody>\n",
       "    <tr>\n",
       "      <th>2009-02-08</th>\n",
       "      <td>0.721720</td>\n",
       "      <td>0.825737</td>\n",
       "      <td>1.462631</td>\n",
       "      <td>0.395512</td>\n",
       "      <td>0.524744</td>\n",
       "      <td>1.955327</td>\n",
       "      <td>1.180199</td>\n",
       "      <td>1.014781</td>\n",
       "      <td>0.784245</td>\n",
       "      <td>0.457494</td>\n",
       "      <td>0.596128</td>\n",
       "      <td>1.013134</td>\n",
       "      <td>1.194092</td>\n",
       "      <td>0.617339</td>\n",
       "      <td>0.705556</td>\n",
       "      <td>1.759817</td>\n",
       "      <td>1.130693</td>\n",
       "    </tr>\n",
       "    <tr>\n",
       "      <th>2009-02-15</th>\n",
       "      <td>0.800274</td>\n",
       "      <td>0.764260</td>\n",
       "      <td>1.424455</td>\n",
       "      <td>0.386939</td>\n",
       "      <td>0.506702</td>\n",
       "      <td>1.827690</td>\n",
       "      <td>1.247613</td>\n",
       "      <td>1.015741</td>\n",
       "      <td>0.751179</td>\n",
       "      <td>0.412776</td>\n",
       "      <td>0.533387</td>\n",
       "      <td>0.991547</td>\n",
       "      <td>1.158942</td>\n",
       "      <td>0.586169</td>\n",
       "      <td>0.661853</td>\n",
       "      <td>1.748355</td>\n",
       "      <td>1.130839</td>\n",
       "    </tr>\n",
       "    <tr>\n",
       "      <th>2009-02-22</th>\n",
       "      <td>0.789261</td>\n",
       "      <td>0.911759</td>\n",
       "      <td>1.394271</td>\n",
       "      <td>0.379074</td>\n",
       "      <td>0.510357</td>\n",
       "      <td>1.597956</td>\n",
       "      <td>1.117247</td>\n",
       "      <td>0.989905</td>\n",
       "      <td>0.725254</td>\n",
       "      <td>0.406759</td>\n",
       "      <td>0.545089</td>\n",
       "      <td>0.945178</td>\n",
       "      <td>1.174693</td>\n",
       "      <td>0.556733</td>\n",
       "      <td>0.621616</td>\n",
       "      <td>1.694592</td>\n",
       "      <td>1.119671</td>\n",
       "    </tr>\n",
       "    <tr>\n",
       "      <th>2009-03-01</th>\n",
       "      <td>0.730265</td>\n",
       "      <td>0.840445</td>\n",
       "      <td>1.360455</td>\n",
       "      <td>0.373583</td>\n",
       "      <td>0.557605</td>\n",
       "      <td>1.396676</td>\n",
       "      <td>1.070177</td>\n",
       "      <td>1.082140</td>\n",
       "      <td>0.679348</td>\n",
       "      <td>0.383452</td>\n",
       "      <td>0.652674</td>\n",
       "      <td>0.899242</td>\n",
       "      <td>1.273303</td>\n",
       "      <td>0.539475</td>\n",
       "      <td>0.580756</td>\n",
       "      <td>1.639087</td>\n",
       "      <td>1.086366</td>\n",
       "    </tr>\n",
       "    <tr>\n",
       "      <th>2009-03-08</th>\n",
       "      <td>0.805160</td>\n",
       "      <td>0.996570</td>\n",
       "      <td>1.516998</td>\n",
       "      <td>0.354986</td>\n",
       "      <td>0.534969</td>\n",
       "      <td>1.295346</td>\n",
       "      <td>1.370726</td>\n",
       "      <td>1.123430</td>\n",
       "      <td>0.694535</td>\n",
       "      <td>0.371579</td>\n",
       "      <td>0.580051</td>\n",
       "      <td>0.862204</td>\n",
       "      <td>1.217689</td>\n",
       "      <td>0.578700</td>\n",
       "      <td>0.645350</td>\n",
       "      <td>2.090916</td>\n",
       "      <td>1.274089</td>\n",
       "    </tr>\n",
       "    <tr>\n",
       "      <th>...</th>\n",
       "      <td>...</td>\n",
       "      <td>...</td>\n",
       "      <td>...</td>\n",
       "      <td>...</td>\n",
       "      <td>...</td>\n",
       "      <td>...</td>\n",
       "      <td>...</td>\n",
       "      <td>...</td>\n",
       "      <td>...</td>\n",
       "      <td>...</td>\n",
       "      <td>...</td>\n",
       "      <td>...</td>\n",
       "      <td>...</td>\n",
       "      <td>...</td>\n",
       "      <td>...</td>\n",
       "      <td>...</td>\n",
       "      <td>...</td>\n",
       "    </tr>\n",
       "    <tr>\n",
       "      <th>2023-01-01</th>\n",
       "      <td>0.667169</td>\n",
       "      <td>0.641369</td>\n",
       "      <td>1.160935</td>\n",
       "      <td>0.335673</td>\n",
       "      <td>0.407346</td>\n",
       "      <td>0.620579</td>\n",
       "      <td>0.632974</td>\n",
       "      <td>0.988949</td>\n",
       "      <td>0.663512</td>\n",
       "      <td>0.364880</td>\n",
       "      <td>0.504031</td>\n",
       "      <td>0.959094</td>\n",
       "      <td>0.748669</td>\n",
       "      <td>0.740422</td>\n",
       "      <td>0.615175</td>\n",
       "      <td>0.872494</td>\n",
       "      <td>0.847604</td>\n",
       "    </tr>\n",
       "    <tr>\n",
       "      <th>2023-01-08</th>\n",
       "      <td>0.665970</td>\n",
       "      <td>0.632144</td>\n",
       "      <td>1.133666</td>\n",
       "      <td>0.335967</td>\n",
       "      <td>0.401002</td>\n",
       "      <td>0.616295</td>\n",
       "      <td>0.670191</td>\n",
       "      <td>0.979796</td>\n",
       "      <td>0.684515</td>\n",
       "      <td>0.363039</td>\n",
       "      <td>0.465598</td>\n",
       "      <td>0.918683</td>\n",
       "      <td>0.733584</td>\n",
       "      <td>0.756515</td>\n",
       "      <td>0.719674</td>\n",
       "      <td>0.859242</td>\n",
       "      <td>0.825430</td>\n",
       "    </tr>\n",
       "    <tr>\n",
       "      <th>2023-01-15</th>\n",
       "      <td>0.688265</td>\n",
       "      <td>0.597827</td>\n",
       "      <td>1.112416</td>\n",
       "      <td>0.326186</td>\n",
       "      <td>0.395469</td>\n",
       "      <td>0.612523</td>\n",
       "      <td>0.659149</td>\n",
       "      <td>0.954521</td>\n",
       "      <td>0.665603</td>\n",
       "      <td>0.374894</td>\n",
       "      <td>0.433410</td>\n",
       "      <td>0.882496</td>\n",
       "      <td>0.697859</td>\n",
       "      <td>0.716465</td>\n",
       "      <td>0.666810</td>\n",
